0000196068
0000021982
0000095741
0000139792
0000006987
0000108933
0000104928
0000141510
0000019193
0000023427
0000047960
0000252106
0000367372
0000060409
0000143495
0000101760
0000835508
0000111616
0000003193
0000481323
0000056319
0000119214
0000128228
0000152178
0000131962
0000025715
0000895044
0000061507
0000191418
0000144150
0000109624
0000096116
0000080610
0000359408
0000099256
0000851799
0000064165
0000444064
0000374339
0000033727
0000332741
0000178713
0000208941
0000700440
0000153424
0000157735
0000184990
0000812268
0000065956
0000862006
0000221288
0000945669
0000229020
0000004756
0000298432
0000341632
0000167051
0000001757
0000127401
0000709346
0000074008
0000007008
0000145515
0000455199
0000080209
0000015501
0000453495
0000049640
0000070790
0000634984
0000277671
0000117258
0000147815
0000446103
0000033776
0000007565
0000187575
0000042229
0000058240
0000058539
0000134012
0000375910
0000853479
0000315512
0000180951
0000064213
0000080752
0000057830
0000458998
0000130887
0000172417
0000349125
0000033810
0000001951
0000184485
0000001920
0000044746
0000004417
0000001987
0000220126
0000068398
0000057827
0000822215
0000016499
0000325700
0000197466
0000140635
0000631330
0000263937
0000009831
0000001980
0000125064
0000313140
0000414571
0000057539
0000308392
0000799483
0000138495
0000130725
0000055420
0000112038
0000100551
0000836342
0000017326
0000691431
0000143711
0000374458
0000119606
0000263086
0000121343
0000703785
0000306932
0000040776
0000167446
0000116071
0000002253
0000512722
0000113850
0000002987
0000029598
0000286804
0000390318
0000020162
0000034643
0000048667
0000322794
0000122910
0000787342
0000086966
0000159539
0000040522
0000068971
0000030582
0000014800
0000042523
0000046676
0000057850
0000462342
0000182034
0000270491
0000032054
0000027005
0000088667
0000144861
0000450624
0000053946
0000002769
0000114682
0000158259
0000028035
0000176657
0000074129
0000046181
0000123925
0000002795
0000294972
0000345664
0000055657
0000400372
0000306001
0000664718
0000269894
0000406877
0000525059
0000005426
0000307671
0000270948
0000397268
0000286545
0000472472
0000002494
0000055433
0000302659
0000014339
0000368094
0000448261
0000054485
0000154178
0000043710
0000077229
0000759991
0000320717
0000096722
0000546817
0000294767
0000049465
0000302293
0000009336
0000159112
0000594538
0000097998
0000056231
0000011559
0000393933
0000163429
0000130701
0000153255
0000166177
0000056092
0000073732
0000016549
0000020828
0000139991
0000079441
0000032414
0000487558
0000052728
0000101600
0000105320
0000287666
0000056798
0000187145
0000073413
0000053150
0000031857
0000172849
0000131649
0000203399
0000071908
0000004387
0000225209
0000362237
0000123884
0000004694
0000039532
0000057728
0000374583
0000446109
0000114514
0000081748
0000178134
0000135010
0000066976
0000834749
0000002708
0000066669
0000005386
0000297448
0000368174
0000008993
0000043818
0000452595
0000098568
0000085942
0000190790
0000800868
0000157514
0000071567
0000122489
0000275447
0000367645
0000050460
0000420949
0000388536
0000203884
0000133150
0000177615
0000384815
0000008522
0000119416
0000348625
0000003518
0000337775
0000911384
0000092716
0000060854
0000022117
0000054067
0000289055
0000026597
0000185398
0000707955
0000019390
0000202476
0000463762
0000003052
0000011889
0000101637
0000445986
0000166504
0000375984
0000119699
0000193319
0000326587
0000607807
0000481548
0000812625
0000060007
0000448829
0000226779
0000080621
0000173334
0000046327
0000121845
0000139549
0000054868
0000027520
0000139930
0000069552
0000085108
0000582513
0000041760
0000005553
0000016809
0000105622
0000057698
0000316678
0000029913
0000860220
0000456862
0000331349
0000114280
0000103271
0000098944
0000018792
0000244326
0000199118
0000001819
0000234166
0000109401
0000006423
0000012083
0000163868
0000006315
0000079264
0000377163
0000031621
0000116322
0000092050
0000164795
0000341612
0000079949
0000087374
0000121872
0000145933
0000016985
0000143407
0000012980
0000108539
0000183634
0000745833
0000343845
0000160159
0000045107
0000390895
0000043385
0000113569
0000497065
0000672409
0000691251
0000047499
0000192188
0000220866
0000152345
0000244447
0000160604
0000154660
0000015909
0000158785
0000003717
0000145029
0000006923
0000045947
0000030682
0000089312
0000066372
0000301970
0000012221
0000285725
0000192534
0000263101
0000850420
0000113684
0000011373
0000661148
0000465332
0000519767
0000125412
0000051000
0000185843
0000011888
0000113970
0000008144
0000034906
0000096696
0000372543
0000005961
0000139650
0000073091
0000009399
0000039568
0000755256
0000592077
0000166219
0000120480
0000082895
0000084721
0000161481
0000020439
0000020388
0000129207
0000038362
0000876551
0000183992
0000184780
0000197251
0000138262
0000041811
0000226854
0000181256
0000011592
0000101478
0000137822
0000158021
0000059626
0000152117
0000112852
0000129791
0000046613
0000086213
0000449816
0000110591
0000017890
0000026823
0000003907
0000080173
0000003098
0000349871
0000047686
0000034677
0000097374
0000041616
0000259969
0000031175
0000091889
0000357865
0000051814
0000174198
0000012861
0000003063
0000716665
0000049952
0000002329
0000080176
0000014078
0000187053
0000172843
0000003613
0000167073
0000025742
0000144987
0000106213
0000202865
0000034550
0000006937
0000031259
0000051198
0000367681
0000004757
0000014169
0000050948
0000674478
0000445856
0000338104
0000088963
0000041694
0000035463
0000147736
0000085339
0000004669
0000019034
0000223325
0000824904
0000017956
0000347827
0000861589
0000377148
0000041237
0000009436
0000040288
0000050262
0000575937
0000041089
0000450462
0000301173
0000089484
0000835685
0000351189
0000077167
0000139719
0000490379
0000675081
0000149902
0000847782
0000266611
0000015777
0000167472
0000016478
0000045833
0000001930
0000821432
0000080373
0000360701
0000057719
0000123276
0000133275
0000028494
0000106568
0000404240
0000100954
0000002980
0000437166
0000717327
0000033198
0000321963
0000053922
0000357676
0000004791
0000770481
0000319105
0000079907
0000093623
0000128543
0000004302
0000120619
0000119898
0000242278
0000057523
0000522865
0000077417
0000190240
0000285920
0000094612
0000848733
0000290122
0000092601
0000315774
0000151221
0000085504
0000032217
0000015344
0000051264
0000098586
0000686609
0000767134
0000679507
0000094177
0000110057
0000812626
0000019028
0000399903
0000047779
0000148363
0000648577
0000353855
0000428724
0000071831
0000122864
0000001459
0000924719
0000143356
0000090833
0000076560
0000324880
0000047422
0000020901
0000536746
0000124337
0000091518
0000871127
0000321899
0000029794
0000080696
0000002092
0000047610
0000021823
0000584993
0000316885
0000860815
0000150417
0000053212
0000003698
0000354396
0000006265
0000039320
0000134683
0000244144
0000075321
0000314018
0000199929
0000474378
0000299011
0000869141
0000180625
0000432700
0000138845
0000036654
0000059283
0000042582
0000045732
0000135410
0000035584
0000143871
0000445868
0000222568
0000297679
0000049660
0000644392
0000021967
0000533148
0000133507
0000027043
0000594969
0000043767
0000068695
0000391308
0000413523
0000380895
0000019670
0000149836
0000022077
0000123566
0000123609
0001183960
0000086236
0000180460
0000016640
0000111298
0000475308
0000567042
0000384391
0000461886
0000381247
0000021543
0000004788
0000003132
0000056530
0000037048
0000414578
0000118513
0000817597
0000066902
0000132082
0000483141
0000117585
0001090812
0000143043
0000899574
0000070689
0000035593
0000061753
0000869503
0000128036
0000044577
0000018427
0000000437
0000444905
0000328152
0000124375
0000716105
0000221698
0000005532
0000022938
0000126018
0000172628
0000353169
0000161781
0000157159
0000020006
0000045520
0000475760
0000173666
0000029842
0000168661
0000078775
0000448502
0000295769
0000456139
0000037905
0000131725
0000035448
0000392076
0000381071
0000041502
0000079182
0000231123
0000282033
0000042922
0000114634
0000008566
0000458686
0000161305
0000072170
0000433191
0000063824
0000547613
0000067552
0000038906
0000018034
0000192017
0000296152
0000566979
0000059754
0000054566
0000095653
0000489438
0000029127
0000222296
0000261589
0000037807
0000087694
0000549918
0000162491
0000148819
0000046263
0000077189
0000185636
0000510060
0000141164
0000059220
0000171929
0000193998
0000489456
0000005166
0000029972
0000099600
0000007521
0000001953
0000037873
0000003121
0000850990
0000461813
0000091912
0000432908
0000038544
0000145626
0000367201
0000051072
0000176307
0000211302
0000029409
0000002049
0000487468
0000054507
0000055912
0000159971
0000867708
0000001580
0000031191
0000236717
0000112992
0000099513
0000398452
0000483878
0000446347
0000069597
0000199916
0000053459
0000058058
0000101945
0000013288
0000076929
0000625602
0000149572
0000051787
0000245397
0000045957
0000135143
0000299123
0000058988
0000306661
0000713483
0000447667
0000060322
0000177401
0000247295
0000247533
0000330285
0000002974
0000009982
0000193628
0000112416
0000306784
0000647395
0000142849
0000030499
0000064452
0000442441
0000060730
0000076333
0000007242
0000061833
0000114063
0000293914
0000569211
0000444573
0000119428
0000134810
0000043684
0000527630
0000048198
0000790797
0000055358
0000128892
0000006953
0000488841
0000207124
0000019406
0000006852
0000175103
0000584935
0000172580
0000304357
0000447800
0000050149
0000728258
0000213560
0000385526
0000002047
0000869067
0000023921
0000098122
0000734483
0000111050
0000014670
0000731282
0000146121
0000084051
0000884795
0000475313
0000192784
0000097503
0000000670
0000158213
0000187507
0000101546
0000003023
0000157031
0000245491
0000057956
0000003202
0000078704
0000492641
0000056912
0000057019
0000009405
0000673285
0000444059
0000025701
0000146143
0000716817
0000004041
0000137965
0000845334
0000245260
0000125193
0000347387
0000019880
0000121056
0000835364
0000254288
0000011337
0000046016
0000023144
0000034210
0000059635
0000031648
0000002653
0000047173
0000040683
0000076267
0000043037
0000080411
0000038957
0000088403
0000131961
0000060011
0000484970
0000122132
0000126340
0000226497
0000157554
0000163541
0000271174
0000103547
0000465553
0000080158
0000463590
0000316422
0000438391
0000212716
0000029758
0000083858
0000658476
0000059726
0000073476
0000125856
0000114188
0000395963
0000114349
0000043402
0000711251
0000083847
0000319537
0000008399
0000033768
0000329606
0000124113
0000047934
0000156142
0000101443
0000096393
0000501231
0000079604
0000192373
0000895482
0000121087
0000018245
0000316159
0000003885
0000443261
0000412681
0000028842
0000789220
0000070348
0000357904
0000423091
0000782403
0000011428
0000443829
0000123898
0000626879
0000687507
0000934488
0000415548
0000947256
0000011226
0000035253
0000461144
0000201855
0000026162
0000264064
0000003147
0000063533
0000014257
0000227977
0000052505
0000003323
0000031703
0000098801
0000995845
0000854961
0000187366
0000141719
0000122617
0000060023
0000881125
0000003449
0000770243
0000205774
0000096436
0000293968
0000094229
0000076553
0000256891
0000343147
0000216702
0000158591
0000102352
0000621821
0000505915
0000006776
0000015844
0000077021
0000014634
0000046731
0000408245
0000007616
0000384573
0000025768
0000004005
0000206350
0000384025
0000004861
0000217549
0000560865
0000122526
0000038385
0000246271
0000183866
0000203809
0000206299
0000032334
0000417188
0000004395
0000306559
0000033245
0000096816
0000012089
0000040284
0000163418
0000341770
0000440711
0000026455
0000164875
0000063856
0000075595
0000004716
0000051804
0000042406
0000520815
0000021895
0000008605
0000037910
0000251620
0000074949
0000097537
0000224997
0000230084
0000102550
0000525868
0000133338
0000445351
0000840274
0000072790
0000079853
0000179096
0000084498
0000001780
0000091387
0000055569
0000034692
0000003923
0000078346
0000019428
0000029452
0000086641
0000053924
0000173971
0000705169
0000158637
0000263735
0000026618
0000557179
0000052019
0000097316
0000199102
0000226209
0000151922
0000090118
0000004955
0000445645
0000492176
0000021671
0000221440
0000004068
0000000111
0000058835
0000452879
0000339648
0000602576
0000213926
0000227675
0000005019
0000006623
0000041311
0000020288
0000099405
0000175242
0000008064
0000329830
0000054392
0000135441
0000043695
0000053955
0000003544
0000437784
0000656212
0000014833
0000348263
0000039390
0000178132
0000027386
0000090182
0000085630
0000162172
0000344800
0000062013
0000772826
0000047500
0000407315
0000637331
0000127946
0000026342
0000179672
0000179749
0000002489
0000165489
0000520416
0000312603
0000168311
0000322310
0000024307
0000106804
0000607833
0000237669
0000163831
0000351944
0000104339
0000127435
0000257722
0000062020
0000246570
0000801423
0000039047
0000145910
0000081724
0000821458
0000376495
0000299562
0000014366
0000003727
0000214452
0000213275
0000350548
0000051310
0000040854
0000083026
0000060384
0000504913
0000085020
0000326815
0000347303
0000043207
0000013953
0000468638
0000159787
0000538779
0000161263
0000043467
0000003893
0000124125
0000003220
0000137985
0000159618
0000010147
0000033577
0000081135
0000229629
0000091808
0000082783
0000702069
0000095420
0000002328
0000033961
0000131427
0000072045
0000139282
0000621276
0000095664
0000368730
0000857831
0000122841
0000027353
0000121803
0000043469
0000065370
0000118512
0000225415
0000591983
0000202978
0000299365
0000229821
0000319968
0000197811
0000332067
0000445641
0000191572
0000000456
0000002764
0000029906
0000098021
0000048084
0000483698
0000353252
0000117143
0000012502
0000171984
0000058915
0000081493
0000118475
0000040112
0000132897
0000171609
0000036296
0000457089
0000208977
0000189262
0000056164
0000117278
0000106403
0000072845
0000057256
0000444154
0000245885
0000008468
0000170594
0000151811
0000115771
0000152456
0000878080
0000011737
0000176866
0000453252
0000163872
0000310509
0000122596
0000760228
0000036568
0000427627
0000220884
0000647199
0000709209
0000860810
0000052908
0000006384
0000142153
0000106105
0000259551
0000177882
0000656638
0000091504
0000142460
0000032726
0000013003
0000083764
0000003870
0000595743
0000047606
0000158115
0000309907
0000011302
0000069125
0000335411
0000022678
0000310814
0000163419
0000057947
0000478396
0000011127
0000005621
0000076369
0000009038
0000040815
0000118403
0000054901
0000056796
0000211578
0000039319
0000098512
0000057601
0000002414
0000017242
0000054470
0000124187
0000294345
0000654643
0000111910
0000048959
0000025141
0000674014
0000086648
0000232099
0000092274
0000640496
0000019566
0000073201
0000462529
0000307313
0000075508
0000111094
0000031180
0000635503
0000181761
0000025640
0000001939
0000171260
0000010918
0000008514
0000124654
0000018267
0000035761
0000359690
0000132001
0000156699
0000011150
0000080318
0000149666
0000587563
0000145278
0000452749
0000159546
0000072407
0000527678
0000213155
0000049056
0000230166
0000414895
0000080452
0000234321
0000126327
0000184833
0000200530
0000131685
0000024992
0000055801
0000049427
0000016815
0000042226
0000307859
0000026278
0000133668
0000369443
0000491815
0000376721
0000050215
0000002371
0000004173
0000222843
0000183187
0000442581
0000002848
0000037545
0000042220
0000025809
0000569687
0000422566
0000016876
0000246309
0000042674
0000198085
0000066104
0000059586
0000662126
0000076915
0000002687
0000271567
0000411535
0000131384
0000162581
0000032735
0000506265
0000132686
0000231100
0000689190
0000195605
0000512563
0000625798
0000659657
0000123174
0000536731
0000050643
0000125437
0000593920
0000641506
0000089283
0000033125
0000176884
0000008042
0000004396
0000504998
0000158222
0000087670
0000312406
0000356465
0000082864
0000094318
0000008892
0000445090
0000107524
0000294398
0000006103
0000008784
0000206684
0000247950
0000058460
0000061462
0000495369
0000166396
0000003172
0000447087
0000592388
0000014319
0000066071
0000181647
0000097195
0000145406
0000012692
0000381539
0000442708
0000001803
0000033668
0000032984
0000047102
0000012830
0000090660
0000046772
0000282747
0000131727
0000099228
0000169198
0000063214
0000182416
0000217494
0000379574
0000085864
0000123029
0000075953
0000815836
0000177087
0000136443
0000037792
0000508545
0000067912
0000008870
0000022231
0000278968
0000174011
0000019114
0000107898
0000063066
0000003171
0000348614
0000064456
0000549841
0000370763
0000285473
0000027591
0000763962
0000218925
0000209229
0000039710
0000126696
0000088316
0000055780
0000068607
0000030254
0000088668
0000509366
0000128025
0000426290
0000850580
0000043086
0000033145
0000137557
0000147477
0000400259
0000342029
0000174385
0000375568
0000021825
0000021314
0000213974
0000028864
0000250436
0000087965
0000304258
0000260794
0000307547
0000010953
0000804788
0000026028
0000507870
0000506816
0001009228
0000138432
0000300196
0000045812
0000323711
0000229723
0000407897
0000067030
0000086315
0000011820
0000024823
0000071328
0000226288
0000098347
0000052063
0000040349
0001004272
0000158228
0000846236
0000235723
0000140745
0000002923
0000105694
0000055396
0000130150
0000010695
0000045382
0000295452
0000049900
0000105379
0000638779
0000163560
0000025770
0000270640
0000002025
0000216065
0000031529
0000035422
0000945833
0000203083
0000024614
0000006313
0000774501
0000305180
0000121252
0000223836
0000195546
0000038026
0000170325
0000000562
0000056513
0000083901
0000104717
0000291115
0000167754
0000279211
0000146725
0000491324
0000426169
0000009317
0000156036
0000015873
0000658687
0000558733
0000219532
0000058568
0000011733
0000119761
0000445236
0000701936
0000031080
0000137098
0000012398
0000492008
0000516346
0000135878
0000296158
0000515123
0000071223
0000036440
0000492736
0000444477
0000008085
0000169994
0000052982
0000045743
0000008517
0000751063
0000106418
0000379246
0000085788
0000340792
0000095396
0000372110
0000099698
0000109135
0000051749
0000406994
0000004411
0000221760
0000003081
0000946935
0000138308
0000005595
0000224767
0000069432
0000064082
0000270143
0000007746
0000833120
0000262925
0000059625
0000018020
0000176772
0000490507
0000014060
0000040456
0000354058
0000008505
0000571601
0000093691
0000025325
0000324965
0000005555
0000146404
0000307949
0000088357
0000415642
0000015878
0000091182
0000032279
0000179625
0000025743
0000202364
0000005388
0000046052
0000020645
0000258211
0000071621
0000181110
0000476428
0000110800
0000027483
0000035678
0000027497
0000000880
0000229062
0000086154
0000099131
0000127208
0000100887
0000753942
0000118523
0000154386
0000109043
0000076661
0000158889
0000002837
0000012322
0000115337
0000502643
0000682302
0000137661
0000514922
0000061314
0000060380
0000141915
0000021721
0000145913
0000009907
0000134437
0000024083
0000033371
0000393247
0000410764
0000103740
0000757085
0000260857
0000008207
0000459347
0000061103
0000298634
0000001994
0000544166
0000091989
0000307534
0000281921
0000113886
0000174539
0000269806
0000044393
0000165187
0000710970
0000050004
0000055824
0000016940
0000855928
0000132914
0000029387
0000023123
0000040348
0000064169
0000322764
0000053251
0000342107
0000132241
0000001707
0000169796
0000084678
0000067042
0000026267
0000015962
0000017304
0000165150
0000184706
0000016297
0000048836
0000078165
0000001969
0000144803
0000729923
0000174883
0000004975
0000022693
0000719806
0000456064
0000297090
0000364141
0000424342
0000076530
0000697824
0000375998
0000124106
0000813230
0000298171
0000146209
0000249823
0000030966
0000015488
0000098255
0000006431
0000732703
0000078297
0000587186
0000001818
0000045543
0000144823
0000026170
0000004897
0000126532
0000048733
0000040988
0000225880
0000409869
0000074004
0000116269
0000025601
0000654556
0000177289
0000645804
0000222735
0000132738
0000955885
0000006607
0000030552
0000536619
0000436693
0000741548
0000051525
0000694121
0000192689
0000143609
0000182167
0000814918
0000176299
0000007218
0000149790
0000041392
0000793512
0000070356
0000167200
0000140203
0000029795
0000118692
0000406455
0000896502
0000038743
0000045857
0000333979
0000119861
0000131719
0000293893
0000299246
0000017265
0000018036
0000054811
0000065917
0000027807
0000017728
0000322432
0000169777
0000398605
0000567563
0000048266
0000090356
0000052520
0000865821
0000120649
0000057887
0000003442
0000519822
0000117463
0000146122
0000164541
0000094654
0000035428
0000196544
0000192465
0000330680
0000021376
0000097706
0000714471
0000051440
0000316833
0000177961
0000295398
0000880825
0000037345
0000651028
0000031685
0000165804
0000125225
0000002882
0000058006
0000018201
0000127140
0000104228
0000144485
0000096866
0000022164
0000087122
0000078584
0000441535
0000176962
0000098738
0000427319
0000717110
0000022543
0000187378
0000285139
0000395406
0000034594
0000062499
0000329900
0000075274
0000092795
0000498351
0000008513
0000001618
0000001584
0000292313
0000315357
0000390349
0000205318
0000412965
0000719142
0000154821
0000000460
0000107697
0000091936
0000298693
0000004665
0000015797
0000116560
0000061651
0000002440
0000161895
0000855845
0000150890
0000567330
0000002251
0000016094
0000144209
0000137034
0000045615
0000150918
0000148277
0000057944
0000297564
0000193491
0000724780
0000236055
0000102699
0000294420
0000231284
0000013874
0000178314
0000249319
0000001115
0000045513
0000062794
0000170910
0000062697
0000295898
0000053965
0000002249
0000108417
0000021774
0000860992
0000043588
0000332402
0000311899
0000218185
0000585351
0000068707
0000809411
0000172616
0000336164
0000039861
0000365210
0000183923
0000374924
0000107041
0000031299
0000482155
0000101327
0000004895
0000497591
0000252866
0000058147
0000095120
0000223238
0000094657
0000390057
0000013345
0000219629
0000033556
0000653516
0000003083
0000373827
0000636264
0000527357
0000021043
0000045171
0000284828
0000023566
0000115211
0000057017
0000023151
0000096491
0000826820
0000003872
0000129853
0000059117
0000161338
0000122994
0000597094
0000060936
0000572778
0000739266
0000028860
0000085329
0000181062
0000003422
0000025798
0000126982
0000177909
0000088829
0000005190
0000050603
0000396018
0000173932
0000029767
0000100966
0000734592
0000021517
0000015383
0000128732
0000495433
0000007044
0000333269
0000504217
0000106872
0000112139
0000357114
0000032649
0000137096
0000446093
0000108264
0000171393
0000635426
0000176625
0000037540
0000139224
0000133820
0000008796
0000005221
0000104799
0000013834
0000434750
0000039962
0000443274
0000610342
0000012233
0000118604
0000210882
0000004086
0000056773
0000090011
0000072973
0000002869
0000034754
0000041520
0000014682
0000137510
0000433631
0000000547
0000156990
0000069315
0000642113
0000506300
0000079235
0000485577
0000043252
0000074516
0000180444
0000485337
0000025900
0000616517
0000116407
0000619019
0000044765
0000234819
0000335852
0000057250
0000113788
0000296683
0000042266
0000018281
0000189907
0000239613
0000096731
0000061724
0000288091
0000065697
0000024449
0000186656
0000084386
0000089814
0000611971
0000032659
0001010939
0000034247
0000667136
0000033018
0000327214
0000069915
0000139035
0000085133
0000052883
0000015945
0000593593
0000856159
0000161809
0000046440
0000107547
0000139233
0000648526
0000749031
0000127151
0000291830
0000136951
0000293932
0000445779
0000193139
0000247679
0000012644
0000024375
0000376680
0000031732
0000137992
0000031986
0000202697
0000056964
0000854745
0000118959
0000027729
0000367155
0000491668
0000050068
0000305310
0000114302
0000189737
0000636442
0000174418
0000103152
0000121725
0000037343
0000058952
0000460102
0000852172
0000114383
0000573274
0000136680
0000446834
0000002203
0000062725
0000045805
0000016514
0000027334
0000093244
0000011442
0000094799
0000110745
0000078915
0000335047
0000044459
0000054527
0000178026
0000218694
0000141317
0000967973
0000186974
0000083895
0000029816
0000054418
0000067163
0000023744
0000156881
0000003542
0000063527
0000003657
0000040960
0000095555
0000170297
0000050242
0000081973
0000208454
0000819356
0000080545
0000490118
0000108691
0000095436
0000057160
0000075906
0000311546
0000096465
0000006159
0000199043
0000133549
0000451701
0000051624
0000048224
0000011843
0000001988
0000102251
0000002564
0000226015
0000022931
0000152922
0000122449
0000015346
0000122883
0000008592
0000144316
0000485977
0000296032
0000095342
0000064238
0000003042
0000174213
0000020765
0000216612
0000072265
0000065204
0000003760
0000114064
0000219109
0000431292
0000056450
0000676519
0000008478
0000047878
0000221599
0000179423
0000098800
0000113771
0000007549
0000163646
0000136017
0000162232
0000637425
0000319419
0000019368
0000300629
0000440525
0000078731
0000105784
0000112949
0000087281
0000003772
0000124306
0000647015
0000018224
0000037568
0000037707
0000001670
0000543243
0000013591
0000194772
0000043723
0000011456
0000167669
0000287383
0000390109
0000003537
0000073983
0000783454
0000058699
0000038738
0000072201
0000849773
0000096975
0000185149
0000147588
0000473114
0000134028
0000722923
0000096809
0000346868
0000053300
0000021663
0000067356
0000794409
0000070127
0000155601
0000040519
0000294588
0000490202
0000451472
0000076814
0000246383
0000014911
0000037903
0000240741
0000710587
0000116424
0000014593
0000005515
0000012938
0000029451
0000116527
0000008305
0000018711
0000070851
0000492565
0000039362
0000050453
0000004304
0000073034
0000047699
0000721370
0000136724
0000830211
0000351024
0000016810
0000136335
0000386570
0000307100
0000021769
0000246750
0000179521
0001020280
0000023097
0000013477
0000636771
0000012786
0000032179
0000019516
0000037863
0000095567
0000033049
0000058825
0000058719
0000065382
0000170051
0000391577
0000181877
0000036960
0000015000
0000004883
0000233164
0000037464
0000153963
0000241544
0000057018
0000026179
0000002943
0000168042
0000810661
0000147068
0000033020
0000078603
0000379382
0000207245
0000047609
0000290815
0000265353
0000176308
0000138128
0000041948
0000223239
0000151931
0000051694
0000048008
0000007546
0000236509
0000042901
0000110152
0000233665
0000010351
0000706273
0000163791
0000380181
0000841510
0000063911
0000085139
0000132903
0000372311
0000097502
0000082121
0000148006
0000082745
0000331628
0000024387
0000341850
0000059165
0000149324
0000397847
0000157476
0000174981
0000059359
0000032831
0000025470
0000584086
0000089110
0000243066
0000284830
0000505390
0000055789
0000069859
0000182220
0000001858
0000900225
0000342986
0000193384
0000002367
0000272147
0000246938
0000114709
0000007807
0000023375
0000538868
0000097297
0000002360
0000406958
0000090410
0000016134
0000011616
0000064569
0000144605
0000150667
0000181417
0000218357
0000183906
0000429426
0000838175
0000038528
0000435205
0000158662
0000000740
0000117643
0000439686
0000030779
0000006617
0000017753
0000959255
0000451393
0000293211
0000038759
0000489734
0000079452
0000082698
0000829120
0000030908
0000109775
0000300905
0000030157
0000031459
0000473025
0000149723
0000170608
0000064573
0000024220
0000123595
0000011653
0000056844
0000513626
0000045345
0000144399
0000117513
0000334972
0000042827
0000016955
0000373343
0000221095
0000087953
0000040907
0000075817
0000319337
0000184899
0000171197
0000060764
0000735716
0000003112
0000000597
0000004317
0000193640
0000262431
0000336614
0000003013
0000164884
0000140528
0000124392
0000042277
0000478929
0000684944
0000756702
0000784033
0000059807
0000075478
0000034317
0000107309
0000001896
0000096383
0000211972
0000296935
0000007187
0000027173
0000846727
0000173077
0000014846
0000440107
0000133116
0000078419
0000040587
0000317956
0000186130
0000037192
0000324693
0000065325
0000654832
0000311830
0000839930
0000601843
0000851766
0000033929
0000296055
0000003710
0000304455
0000064353
0000035643
0000043369
0000336826
0000109815
0000572236
0000000536
0000034997
0000103406
0000045643
0000030576
0000045868
0000157770
0000129390
0000047164
0000211116
0000234031
0000069089
0000331844
0000000110
0000038467
0000085545
0000202586
0000214552
0000040364
0000059112
0000280873
0000430150
0000003859
0000141345
0000223709
0000033712
0000014479
0000261306
0000560342
0000110229
0000034449
0000443151
0000127411
0000031826
0000084967
0000035501
0000087868
0000157104
0000727254
0000004949
0000056919
0000279410
0000059084
0000004917
0000304994
0000238397
0000059490
0000278401
0000096730
0000172450
0000011762
0000105179
0000096627
0000127373
0000566215
0000056804
0000655770
0000326797
0000000590
0000022290
0000116702
0000000537
0000861886
0000035275
0000051042
0000192305
0000291653
0000150355
0000609970
0000145389
0000204405
0000014181
0000261232
0000496614
0000171347
0000176567
0000132945
0000003005
0000323621
0000073321
0000009619
0000041126
0000026438
0000002598
0000100078
0000097877
0000166400
0000088546
0000053481
0000171395
0000029070
0000120669
0000374001
0000035765
0000077431
0000373652
0000206762
0000092159
0000185947
0000005919
0000012304
0000010902
0000114305
0000044781
0000129181
0000004930
0000100086
0000088843
0000508503
0000263360
0000283787
0000285228
0000288329
0000057645
0000170784
0000207966
0000000605
0000322862
0000245948
0000021598
0000125630
0000028567
0000115900
0000056440
0000004771
0000127047
0000012207
0000002529
0000542436
0000715802
0000052742
0000225449
0000143665
0000836002
0000081911
0000226438
0000036113
0000073935
0000136341
0000374234
0000154716
0000413492
0000046853
0000031738
0000016979
0000162990
0000186473
0000047857
0000143820
0000815842
0000462601
0000737513
0000153103
0000135153
0000388326
0000004020
0000682263
0000009737
0000055209
0000027331
0000838324
0000596211
0000005540
0000291232
0000143526
0000080539
0000158486
0000168536
0000219832
0000116736
0000724928
0000119509
0000028543
0000081968
0000074347
0000002545
0000008490
0000201647
0000036605
0000061804
0000744950
0000025692
0000297354
0000706091
0000291742
0000410696
0000103958
0000310127
0000042312
0000069123
0000002818
0000236838
0000016872
0000222251
0000003006
0000712157
0000284824
0000328462
0000062694
0000038845
0000592846
0000011185
0000882248
0000014954
0000177975
0000458791
0000829323
0000035770
0000040948
0000467717
0000249086
0000066398
0000122099
0000002158
0000055651
0000311827
0000139355
0000215427
0000002428
0000195933
0000092879
0000478705
0000242837
0000008951
0000024745
0000026235
0000005460
0000052216
0000036205
0000257864
0000113202
0000199407
0000063186
0000032650
0000020856
0000007830
0000863383
0000061298
0000768883
0000536862
0000039349
0000113837
0000603726
0000149404
0000671801
0000022810
0000271591
0000088012
0000150801
0000166240
0000013294
0000116390
0000145846
0000299434
0000102614
0000004597
0000036971
0000962741
0000119506
0000133946
0000069533
0000011539
0000497594
0000000170
0000003824
0000172652
0000376938
0000042511
0000033151
0000023481
0000479890
0000663392
0000069600
0000024874
0000023302
0000377393
0000018924
0000007954
0000302837
0000140014
0000031825
0000010157
0000108416
0000109670
0000008043
0000576732
0000000142
0000491363
0000009022
0000127016
0000462802
0000152790
0000002906
0000696078
0000066772
0000063704
0000109920
0000107392
0000668278
0000251254
0000858669
0000043584
0000212092
0000298575
0000085112
0000077934
0000005886
0000370758
0000709066
0000063797
0000055128
0000004937
0000796519
0000417604
0000091303
0000013995
0000255485
0000043550
0000525089
0000007099
0000748240
0000200094
0000162132
0000042515
0000418053
0000067736
0000063322
0000117313
0000525080
0000351612
0000808257
0000049556
0000337087
0000128409
0000005790
0000028780
0000255978
0000077946
0000520225
0000035801
0000126823
0000006258
0000236239
0000027596
0000219506
0000020802
0000201087
0000583315
0000131067
0000536312
0000027401
0000225451
0000066715
0000366169
0000245662
0000001118
0000033985
0000066512
0000098320
0000115362
0000034171
0000295699
0000079400
0000186967
0000210686
0000070087
0000004980
0000083949
0000036466
0000033059
0000035988
0000021024
0000674714
0000099069
0000114386
0000032386
0000010609
0000529548
0000096942
0000328343
0000296386
0000042646
0000395147
0000358517
0000297521
0000085389
0000057996
0000389471
0000137107
0000101602
0000233396
0000061844
0000109223
0000012143
0000009315
0000466045
0000319739
0000067967
0000556840
0000136478
0000039058
0000080443
0000325365
0000129540
0000003840
0000288758
0000044915
0000137094
0000050067
0000011133
0000110050
0000007275
0000117166
0000025769
0000067399
0000117724
0000067241
0000142896
0000045713
0000029538
0000043427
0000091320
0000001222
0000048508
0000238948
0000063994
0000176774
0000379855
0000078984
0000085999
0000026111
0000846159
0000019027
0000208795
0000004707
0000586663
0000231611
0000040399
0000027471
0000978580
0000043530
0000379009
0000007831
0000155159
0000082312
0000087343
0000115891
0000269386
0000323263
0000365849
0000047774
0000382665
0000005890
0000188316
0000917670
0000055869
0000019725
0000007874
0000007941
0000825180
0000105669
0000347243
0000206364
0000114954
0000587285
0000136854
0000044260
0000037833
0000266366
0000083592
0000061837
0000635661
0000118717
0000016336
0000164260
0000359361
0000337327
0000457405
0000560042
0000253420
0000374033
0000592999
0000158258
0000001879
0000376142
0000252860
0000234568
0000172621
0000154419
0000170646
0000365005
0000088653
0000129254
0000040463
0000367691
0000176015
0000012579
0000466256
0000063876
0000333983
0000039816
0000307935
0000761147
0000015995
0000158945
0000064366
0000399439
0000117339
0000422205
0000063462
0000010954
0000101552
0000060135
0000220245
0000680455
0000001111
0000952604
0000338846
0000452313
0000096927
0000005301
0000012277
0000481633
0000120123
0000220873
0000050232
0000075180
0000697259
0000812255
0000054941
0000082778
0000147361
0000599251
0000504795
0000179244
0000894245
0000101427
0000273739
0000097747
0000049470
0000052661
0000587672
0000212770
0000055707
0000005087
0000296096
0000236589
0000072800
0000347804
0000166906
0000049812
0000882703
0000046202
0000410095
0000488542
0000152612
0000220135
0000307399
0000321312
0000002487
0000064521
0000060440
0000002058
0000072433
0000006596
0000084385
0000080611
0000001935
0000080126
0000125283
0000080872
0000022699
0000029110
0000137040
0000220495
0000100184
0000028083
0000157319
0000351118
0000001917
0000329531
0000035386
0000016065
0000375603
0000066791
0000737596
0000469643
0000013703
0000376282
0000116150
0000455540
0000010660
0000309670
0000015684
0000003210
0000098303
0000365191
0000684366
0000030647
0000108954
0000204081
0000273548
0000076332
0000814460
0000013941
0000893896
0000092381
0000224644
0000026735
0000129491
0000853726
0000062603
0000026874
0000073710
0000158464
0000281711
0000024919
0000234039
0000311869
0000119964
0000007638
0000146246
0000244101
0000529509
0000182455
0000025053
0000359854
0000057334
0000824970
0000027871
0000132641
0000100679
0000025817
0000423633
0000052192
0000213967
0000186112
0000056720
0000042609
0000325518
0000128420
0000292383
0000065996
0000054127
0000008194
0000230403
0000771666
0000261806
0000055758
0000086016
0000514860
0000292335
0000075497
0000074430
0000058452
0000681056
0000008022
0000232646
0000005493
0000056738
0000569690
0000658584
0000001411
0000266241
0000764713
0000000449
0000095169
0000004670
0000108975
0000064144
0000060231
0000433266
0000599373
0000742964
0000099467
0000110338
0000014752
0000054294
0000092245
0000331683
0000276579
0000106772
0000109399
0000825316
0000397089
0000066277
0000250631
0000140561
0000005096
0000021712
0000005474
0000356800
0000024565
0000203483
0000039577
0000001598
0000016304
0000020596
0000049094
0000037789
0000560728
0000000488
0000141594
0000063623
0000004482
0000057843
0000080311
0000061677
0000077125
0000138426
0000047290
0000138173
0000112284
0000067147
0000581004
0000106150
0000031029
0000409636
0000082646
0000002155
0000626850
0000045256
0000173729
0000057555
0000391438
0000074925
0000320489
0000121798
0000599544
0000077474
0000374503
0000000859
0000684374
0000710867
0000539713
0000184896
0000468694
0000109360
0000010790
0000121136
0000039234
0000038840
0000288450
0000294799
0000522451
0000050872
0000304531
0000161798
0000432823
0000000664
0000032272
0000173126
0000177555
0000078561
0000005080
0000068059
0000011222
0000469668
0000673893
0000295810
0000529154
0000072702
0000345690
0000008338
0000022689
0000032640
0000068967
0000065348
0000174526
0000024924
0000001853
0000211506
0000883231
0000032827
0000748794
0000015552
0000012355
0000013829
0000012974
0000034343
0000621826
0000283693
0000365475
0000304050
0000358789
0000075124
0000158844
0000612102
0000028502
0000190584
0000251663
0000130463
0000089156
0000009949
0000696470
0000588392
0000050750
0000034175
0000424430
0000068796
0000647614
0000054708
0000003096
0000049321
0000329921
0000103233
0000426459
0000133914
0000175544
0000301722
0000014447
0000349762
0000759966
0000013751
0000287031
0000003963
0000477142
0000018362
0000200181
0000799379
0000020330
0000057953
0000073635
0000023700
0000142489
0000256376
0000021060
0000476320
0000658238
0000158884
0000062371
0000028640
0000005373
0000167042
0000124082
0000190825
0000100300
0000014476
0000044769
0000098424
0000027924
0000125484
0000016465
0000214290
0000947728
0000003439
0000185271
0000051670
0000483352
0000035773
0000853828
0000309871
0000081930
0000002538
0000445902
0000005148
0000501791
0000033618
0000126973
0000072586
0000525086
0000252519
0000102533
0000301626
0000203541
0000069516
0000044894
0000308183
0000861078
0000021098
0000152491
0000271431
0000078595
0000081778
0000222666
0000709363
0001001552
0000044253
0000097379
0000718402
0000062896
0000832007
0000245671
0000036758
0000666612
0000055163
0000114136
0000116392
0000336643
0000395315
0000128975
0000312757
0000015810
0000080858
0000763021
0000034612
0000072944
0000170196
0000073014
0000016922
0000217735
0000017486
0000056725
0000055479
0000710883
0000042195
0000334712
0000018958
0000099823
0000051510
0000334199
0000228715
0000045163
0000032476
0000309199
0000208474
0000002485
0000023508
0000170417
0000346147
0000052910
0000063823
0000142996
0000346821
0000825861
0000151758
0000473525
0000040172
0000173090
0000300119
0000046354
0000089881
0000104555
0000294660
0000446213
0000010487
0000055596
0000869706
0000282383
0000497721
0000561486
0000397969
0000063575
0000296965
0000102398
0000899675
0000051899
0000003157
0000085345
0000745508
0000035465
0000111252
0000851315
0000097008
0000085943
0000037888
0000226813
0000117905
0000017445
0000385089
0000536570
0000638776
0000478458
0000248217
0000724197
0000392045
0000171101
0000440307
0000209900
0000040407
0000712421
0000017165
0000241556
0000035762
0000028202
0000210824
0000171612
0000340935
0000449086
0000037585
0000007271
0000255111
0000173377
0000002915
0000070509
0000064696
0000123412
0000293046
0000076200
0000330437
0000001840
0000317677
0000019040
0000041834
0000343639
0000688826
0000285181
0000585669
0000034315
0000040785
0000076836
0000070336
0000093031
0000275711
0000012676
0000320193
0000052100
0000140914
0000011997
0000160335
0000528985
0000595692
0000124925
0000177365
0000657744
0000062417
0000590170
0000322353
0000006425
0000005551
0000791678
0000137151
0000216608
0000197037
0000685469
0000302534
0000037132
0000037957
0000007196
0000329573
0000002298
0000061742
0000058029
0000154252
0000080841
0000132931
0000013084
0000635837
0000346302
0000812467
0000215678
0000076806
0000830109
0000483416
0000579999
0000031892
0000388103
0000030771
0000007997
0000095395
0000384961
0000489327
0000158325
0000032034
0000273309
0000174999
0000005015
0000075683
0000048745
0000384496
0000406045
0000098289
0000674193
0000307701
0001034039
0000036439
0000594861
0000047400
0000004441
0000001844
0000023006
0000210810
0000014128
0000026425
0000143949
0000138038
0000068047
0000876578
0000246335
0000428318
0000699182
0000113543
0000085822
0000136707
0000034518
0000121107
0000078200
0000065942
0000041201
0000007070
0000086960
0000354061
0000063479
0000265536
0000065211
0000217987
0000022135
0000142797
0000084500
0000066099
0000169608
0000020511
0000097505
0000146255
0000125096
0000054747
0000033375
0000295719
0000008482
0000012215
0000030563
0000024985
0000362603
0000123124
0000075937
0000447809
0000043003
0000365144
0000126352
0000046885
0000172447
0000303109
0000121269
0000047950
0000193563
0000352848
0000014443
0000514072
0000784300
0000849248
0000421549
0000122335
0000293961
0000309337
0000217051
0000129891
0000199935
0000060080
0000040316
0000644989
0000045641
0000043156
0000007548
0000139529
0000013479
0000495242
0000332608
0000192149
0000004122
0000063692
0000067842
0000596829
0000137016
0000064511
0000169231
0000026768
0000215398
0000590980
0000300622
0000006743
0000079295
0000011722
0000114964
0000016786
0000543503
0000064444
0000042492
0000059483
0000476128
0000514407
0000328664
0000129387
0000060464
0000003912
0000106944
0000801478
0000525067
0000144930
0000851744
0000534408
0000019953
0000050139
0000611771
0000012550
0000064518
0000322211
0000013714
0000008969
0000033369
0000381284
0000200158
0000119040
0000180178
0000097416
0000095525
0000029885
0000304984
0000044181
0000020227
0000074497
0000492201
0000024155
0000941787
0000008492
0000010670
0000053393
0000040291
0000462775
0000092455
0000754883
0000752542
0000258728
0000455296
0000003731
0000663167
0000010389
0000035325
0000036774
0000091964
0000503539
0000143957
0000595104
0000153484
0000001010
0000023391
0000405794
0000900099
0000020222
0000411872
0000875978
0000118616
0000440545
0000391028
0000295590
0000728931
0000000497
0000033172
0000137595
0000030078
0000673223
0000019070
0000181669
0000203280
0000129686
0000581206
0000051743
0000002272
0000159987
0000195952
0000428054
0000337011
0000001305
0000716529
0000100851
0000082670
0000039481
0000199444
0000015952
0000001945
0000118357
0000029215
0000056367
0000461460
0000027785
0000312800
0000022237
0000010641
0000021941
0000081934
0000360471
0000328827
0000219379
0000065803
0000634885
0000136792
0000045697
0000248490
0000112493
0000007493
0000066732
0000011857
0000021792
0000164535
0000248478
0000248524
0000097716
0000112541
0000103801
0000886150
0000037781
0000371080
0000198424
0000002247
0000349630
0000033085
0000081004
0000067731
0000034706
0000009702
0000394336
0000821115
0000002532
0000111672
0000729864
0000136430
0000008625
0000054321
0000291803
0000177342
0000360308
0000147508
0000017358
0000046503
0000043163
0000005016
0000109917
0000014934
0000169206
0000132636
0000004608
0000102366
0000274825
0000734572
0000464856
0000839800
0000207049
0000347288
0000756425
0000029884
0000302861
0000066382
0000156440
0000062597
0000002944
0000044109
0000228967
0000394569
0000536267
0000065199
0000017437
0000315228
0000064045
0000344933
0000864547
0000068897
0000105885
0000241408
0000580833
0000679749
0000410073
0000024354
0000046024
0000181576
0000869721
0000077664
0000002479
0000307577
0000032887
0000033408
0000507849
0000058760
0000661198
0000163117
0000365415
0000098958
0000084205
0000080843
0000163521
0000597228
0000119860
0000041530
0000448609
0000788533
0000974242
0000062574
0000034320
0000407398
0000011323
0000050911
0000015881
0000513554
0000799836
0000195950
0000040887
0000167786
0000035461
0000445866
0000005458
0000259552
0000000587
0000120051
0000027151
0000051651
0000022092
0000045247
0000340804
0000020776
0000056561
0000159336
0000108023
0000194316
0000125664
0000072544
0000067104
0000009688
0000396246
0000302235
0000151481
0000002257
0000127884
0000490720
0000099596
0000046125
0000327950
0000118455
0000120029
0000123190
0000147915
0000122406
0000511751
0000438960
0000662876
0000039436
0000041516
0000412996
0000010696
0000346063
0000682413
0000045335
0000323946
0000755274
0000652288
0000006197
0000089015
0000600470
0000050306
0000755578
0000064803
0000143254
0000176888
0000059241
0000005147
0000130020
0000185541
0000047863
0000062775
0000164757
0000046477
0000002710
0000134317
0000061829
0000061291
0000019230
0000253038
0000004438
0000008578
0000027124
0000678358
0000001963
0000109022
0000709314
0000024788
0000130613
0000202456
0000217982
0000124457
0000128771
0000039726
0000460803
0000141601
0000068832
0000171636
0000190830
0000407915
0000064440
0000018849
0000028639
0000659249
0000143744
0000149839
0000094881
0000034968
0000050190
0000007719
0000038025
0000002206
0000204527
0000348788
0000063796
0000038429
0000051300
0000113990
0000048578
0000135501
0000193382
0000398373
0000007267
0000523897
0000079943
0000002252
0000036788
0000176818
0000594430
0000014669
0000178858
0000186615
0000434843
0000054961
0000436958
0000143803
0000407379
0000009595
0000010821
0000166294
0000028246
0000092927
0000062594
0000058864
0000044893
0000147512
0000474757
0000178695
0000426180
0000016238
0000025543
0000439506
0000760721
0000610301
0000387019
0000620948
0000285981
0000211456
0000067701
0000878340
0000157806
0000074575
0000042790
0000259389
0000004015
0000106344
0000315640
0000408432
0000730691
0000110721
0000596770
0000002866
0000002667
0000134656
0000216170
0000026287
0000149170
0000512329
0000003075
0000027543
0000858338
0000071210
0000437570
0000029199
0000341146
0000018094
0000177589
0000100962
0000494944
0000010254
0000003654
0000396122
0000056185
0000029268
0000366810
0000076705
0000171539
0000771338
0000711040
0000009892
0000038082
0000000494
0000194098
0000126348
0000000992
0000064336
0000012694
0000146411
0000420981
0000310250
0000137731
0000082699
0000101987
0000044040
0000046134
0000303262
0000050505
0000167961
0000114731
0000478154
0000237912
0000029266
0000658280
0000006791
0000005569
0000011871
0000391653
0000021295
0000073302
0000006701
0000043123
0000068125
0000146125
0000397553
0000463262
0000087474
0000671235
0000035552
0000039612
0000133539
0000248846
0000832178
0000197596
0000065052
0000210501
0000110418
0000045436
0000011220
0000194245
0000030684
0000204041
0000046396
0000026830
0000413800
0000280526
0000122859
0000024624
0000182963
0000122279
0000089796
0000002648
0000009574
0000064818
0000096934
0000037490
0000054314
0000184785
0000214149
0000166617
0000172267
0000330649
0000480921
0000000490
0000047848
0000165364
0000476231
0000014082
0000448887
0000044032
0000709155
0000048012
0000114607
0000158282
0000040398
0000505606
0000096493
0000216521
0000002976
0000011353
0000095481
0000056947
0000244184
0000346584
0000020282
0000555372
0000802713
0000163729
0000721844
0000000467
0000130913
0000036163
0000087036
0001017629
0000303417
0000208241
0000370579
0000048645
0000179329
0000142674
0000354792
0000089244
0000004750
0000068788
0000789512
0000492657
0000029621
0000000542
0000775539
0000759806
0000011274
0000823296
0000679976
0000853498
0000817999
0000061109
0000150276
0000430598
0000029642
0000283705
0000066177
0000147483
0000019628
0000096396
0000071523
0000116319
0000248123
0000720550
0000425620
0000154325
0000435643
0000681221
0000415829
0000209019
0000385732
0000743626
0000375028
0000097473
0000074609
0000079456
0000064722
0000132562
0000002467
0000451643
0000006505
0000764698
0000047259
0000088832
0000168761
0000151687
0000322109
0000054553
0000080041
0000073144
0000660197
0000106428
0000079274
0000127961
0000075417
0000236040
0000239258
0000195417
0000485018
0000386158
0000046979
0000057815
0000302580
0000429387
0000615458
0000141973
0000073772
0000036812
0000297406
0000077337
0000077539
0000038370
0000029756
0000164212
0000122150
0000228587
0000070849
0000002289
0000079072
0000751125
0000237526
0000152240
0000064288
0000151884
0000144208
0000348483
0000098166
0000000627
0000235550
0000023583
0000166199
0000005797
0000063889
0000000004
0000028238
0000026012
0000001786
0000425718
0000008584
0000532037
0000423839
0000385647
0000009732
0000724523
0000181739
0000354339
0000118558
0000215463
0000053973
0000113873
0000079849
0000472325
0000322774
0000101909
0000005236
0000373357
0000002423
0000637373
0000078635
0000001340
0000041396
0000115165
0000002832
0000004891
0000747684
0000068564
0000494321
0000085530
0000242473
0000069210
0000440511
0000076693
0000053791
0000128483
0000007310
0000065222
0000171451
0000157759
0000468970
0000104535
0000126672
0000099146
0000173576
0000180907
0000035458
0000341222
0000020148
0000017623
0000127202
0000056935
0000166256
0000183251
0000445163
0000083927
0000037824
0000063835
0000265269
0000203274
0000018438
0000034556
0000861401
0000299185
0000090548
0000031367
0000665396
0000002426
0000075450
0000039024
0000419362
0000424199
0000872413
0000670114
0000052733
0000035045
0000293205
0000046107
0000565090
0000002583
0000102817
0000322562
0000137844
0000070009
0000072130
0000110297
0000760312
0000241344
0000038284
0000729966
0000392868
0000170572
0000273357
0000024716
0000620006
0000092461
0000684468
0000184204
0000002863
0000189855
0000050095
0000133475
0000316960
0000100670
0000704474
0000007026
0000010825
0000858544
0000242954
0000132103
0000019951
0000240648
0000023841
0000086637
0000413716
0000653931
0000048485
0000295420
0000081995
0000038875
0000001927
0000664634
0000899615
0000109626
0000207618
0000087862
0000132016
0000090353
0000012660
0000511578
0000773880
0000121096
0000029545
0000056020
0000071327
0000213236
0000505515
0000022317
0000075488
0000855279
0000193863
0000019760
0000057420
0000014535
0000232312
0000060963
0000027336
0000181531
0000503225
0000045611
0000276855
0000077164
0000015088
0000188822
0000095026
0000136816
0000295077
0000148922
0000562636
0000294464
0000011798
0000202703
0000170072
0000185179
0000182958
0000033986
0000000483
0000492685
0000004619
0000059880
0000159576
0000666082
0000001696
0000054328
0000232677
0000275274
0000020766
0000224668
0000006438
0000407126
0000350789
0000233728
0000221586
0000170886
0000325890
0000336825
0000016490
0000388926
0000145638
0000021760
0000003874
0000492174
0000251136
0000376476
0000287877
0000448384
0000689844
0000103276
0000613175
0000130760
0000245843
0000213411
0000001836
0000294453
0000121322
0000023184
0000791120
0000095097
0000776913
0000265513
0000158808
0000076414
0000196052
0000096343
0000082137
0000034477
0000139551
0000977801
0000040875
0000033744
0000041445
0000066853
0000727174
0000395064
0000661653
0000124500
0000256183
0000570608
0000059492
0000016274
0000444980
0000003895
0000224099
0000050560
0000033143
0000021335
0000171618
0000049617
0000043889
0000023158
0000180451
0000306526
0000599325
0000727253
0000189410
0000479747
0000488980
0000081582
0000218698
0000229559
0000492350
0000039111
0000138095
0000098817
0000569681
0000091069
0000069032
0000091566
0000047024
0000310917
0000287171
0000816265
0000131350
0000033543
0000226352
0000490819
0000110247
0000852411
0000444147
0000040580
0000070610
0000104622
0000153850
0000303091
0000034156
0000108580
0000125481
0000228872
0000038598
0000018520
0000058669
0000099059
0000178027
0000071126
0000184925
0000056496
0000080140
0000801197
0000031968
0000445684
0000034054
0000070352
0000500543
0000422227
0000464832
0000040352
0000392696
0000814320
0000026204
0000164410
0000135996
0000038384
0000107734
0000002309
0000496129
0000196146
0000127440
0000225897
0000024011
0000300572
0000255562
0000075422
0000089695
0000040816
0000045146
0000094117
0000001712
0000223421
0000021889
0000638832
0000094672
0000061513
0000624225
0000876205
0000009548
0000008246
0000752309
0000131660
0000170603
0000130140
0000033131
0000130672
0000182625
0000008143
0000007562
0000004712
0000068770
0000596319
0000515794
0000039417
0000470158
0000002628
0000076645
0000000893
0000038071
0000164583
0000075776
0000248319
0000308822
0000090496
0000523788
0000245050
0000060224
0000126179
0000196074
0000217265
0000178525
0000109444
0000167025
0000002750
0000233936
0000056600
0000107532
0000079161
0000212020
0000027782
0000033274
0000005002
0000352907
0000119208
0000178079
0000150465
0000125454
0000033032
0000015677
0000059291
0000029977
0000657710
0000020994
0000241233
0000337728
0000532342
0000792056
0000195428
0000876538
0000001372
0000084680
0000171630
0000100226
0000117194
0000010100
0000002907
0000135100
0000175993
0000079715
0000134245
0000016744
0000158960
0000041351
0000325752
0000802969
0000263003
0000009118
0000095781
0000257956
0000106766
0000055122
0000013474
0000446991
0000238479
0000009789
0000048349
0000123779
0000115925
0000517026
0000393958
0000893640
0000034190
0000427471
0000001852
0000312959
0000105360
0000004179
0000605233
0000146979
0000053903
0000107579
0000288470
0000409069
0000063546
0000056837
0000008606
0000107922
0000825992
0000373035
0000133822
0000104695
0000035141
0000184215
0000172605
0000001929
0000632616
0000057226
0000955824
0000013643
0000195957
0000020865
0000125525
0000358663
0000012284
0000033209
0000050572
0000064815
0000072093
0000892592
0000008229
0000068810
0000002614
0000064025
0000045159
0000001831
0000040345
0000002999
0000058172
0000389834
0000179093
0000064869
0000601570
0000001996
0000007411
0000294609
0000115724
0000711354
0000060544
0000049042
0000310731
0000088231
0000400029
0000714949
0000070261
0000117624
0000262727
0000047030
0000176403
0000708749
0000538023
0000033008
0000038268
0000045839
0000146138
0000068961
0000359518
0000044364
0000692181
0000071630
0000043944
0000282163
0000250168
0000248614
0000313335
0000372361
0000006439
0000823428
0000172360
0000194427
0000054551
0000035336
0000577540
0000024069
0000360785
0000026256
0000447463
0000186314
0000060614
0000476039
0000029751
0000167924
0000275954
0000132267
0000056716
0000023372
0000004200
0000291460
0000145853
0000132058
0000126013
0000036170
0000004995
0000378660
0000112635
0000357957
0000051642
0000042894
0000063531
0000048204
0000129000
0000088952
0000404160
0000669423
0000246313
0000041416
0000206545
0000106231
0000033723
0000041737
0000003250
0000297754
0000654476
0000051491
0000050299
0000004821
0000450920
0000376689
0000208113
0000102489
0000094718
0000162254
0000191602
0000349207
0000127954
0000031620
0000247290
0000467809
0000203370
0000165112
0000093438
0000014406
0000626308
0000027652
0000179426
0000005298
0000366995
0000547765
0000245701
0000042036
0000477694
0000169892
0000021056
0000374295
0000334015
0000294023
0000282498
0000202296
0000493266
0000148262
0000112520
0000141816
0000002726
0000053695
0000149069
0000102320
0000011321
0000154882
0000042634
0000236457
0000001957
0000158533
0000007873
0000003146
0000050481
0000155113
0000183399
0000297589
0000138500
0000012895
0000009779
0000216102
0000048747
0000099681
0000002133
0000290902
0000085927
0000075540
0000011647
0000016853
0000344897
0000244632
0000003573
0000792973
0000232413
0000530736
0000367386
0000106007
0000106624
0000453004
0000131987
0000051992
0000668073
0000307910
0000036794
0000176316
0000693779
0000157758
0000026403
0000293864
0000061151
0000002266
0000369927
0000146927
0000131815
0000905007
0000235868
0000168917
0000779952
0000061484
0000422219
0000043836
0000218863
0000003486
0000006495
0000179370
0000096335
0000179636
0000085514
0000137871
0000281325
0000096178
0000038843
0000088229
0000125415
0000638522
0000012444
0000509413
0000127415
0000735207
0000119155
0000822666
0000006301
0000065474
0000431218
0000343429
0000129011
0000029238
0000008301
0000248986
0000114640
0000002254
0000493811
0000193278
0000074657
0000127372
0000080790
0000036783
0000004202
0000004385
0000015840
0000046711
0000394536
0000044561
0000206646
0000105809
0000085522
0000076498
0000029605
0000810181
0000226148
0000531339
0000144355
0000061794
0000030673
0000468404
0000575821
0000113630
0000663770
0000094136
0000047813
0000038085
0000070591
0000003646
0000114959
0000343124
0000061984
0000645228
0000121456
0000491847
0000033455
0000032611
0000002250
0000102713
0000002220
0000194936
0000105777
0000206616
0000678693
0000230851
0000451215
0000030573
0000383595
0000426273
0000126705
0000021265
0000162858
0000608163
0000092068
0000037627
0000845919
0000009781
0000054004
0000012483
0000455539
0000051576
0000031060
0000215661
0000338156
0000034337
0000134793
0000405152
0000038218
0000077138
0000074794
0000747900
0000739293
0000149703
0000204259
0000087315
0000035284
0000218888
0000269718
0000224773
0000001837
0000465303
0000029741
0000023368
0000525121
0000171488
0000058598
0000829367
0000169262
0000144813
0000496407
0000033422
0000474865
0000003715
0000130051
0000295640
0000117064
0000111726
0000366824
0000002145
0000084324
0000326968
0000148487
0000000574
0000085955
0000660429
0000145071
0000342667
0000051276
0000172431
0000291099
0000359650
0000042794
0000242519
0000306605
0000030662
0000181575
0000006806
0000269881
0000180698
0000053568
0000000958
0000003873
0000071732
0000004213
0000025187
0000025663
0000122361
0000140499
0000780044
0000820035
0000001890
0000181978
0000178046
0000317539
0000287447
0000453710
0000120987
0000144810
0000851905
0000404490
0000406721
0000010967
0000002898
0000005533
0000144370
0000180105
0000023463
0000041504
0000073618
0000041775
0000196209
0000809350
0000006061
0000627127
0000106310
0000538945
0000076747
0000052765
0000108188
0000143453
0000002550
0000906265
0000379279
0000135935
0000184808
0000019110
0000000499
0000203373
0000083121
0000119139
0000880247
0000215284
0000005689
0000055564
0000125241
0000062068
0000081281
0000002506
0000012900
0000046813
0000123088
0000073741
0000008734
0000003414
0000387354
0000340114
0000005322
0000223350
0000126423
0000427416
0000136789
0000091533
0000216265
0000062845
0000052057
0000294679
0000220302
0000121838
0000011955
0000049277
0000011591
0000032948
0000172014
0000114524
0000282992
0000157109
0000081035
0000308355
0000006328
0000118432
0000113950
0000568080
0000017032
0000468274
0000003515
0000375013
0000007244
0000862298
0000055047
0000032013
0000007622
0000271562
0000185170
0000389259
0000512617
0000003593
0000090177
0000130050
0000343051
0000187168
0000029207
0000929422
0000577012
0000125901
0000149802
0000264771
0000627276
0000041704
0000051191
0000567036
0000002035
0000045460
0000009603
0000001257
0000211713
0000076927
0000178765
0000199190
0000019647
0000444249
0000142119
0000004970
0000350902
0000216938
0000008055
0000009766
0000654873
0000022812
0000004717
0000238820
0000033036
0000399949
0000092536
0000069983
0000211854
0000605231
0000320810
0000003581
0000021977
0000322634
0000072747
0000069153
0000026372
0000477883
0000083781
0000141647
0000038389
0000052483
0000019623
0000009878
0000035185
0000197406
0000041818
0000003229
0000600677
0000118617
0000212144
0000002258
0000281151
0000109904
0000061357
0000021539
0000296154
0000525130
0000408110
0000234281
0000328106
0000330633
0000477546
0000072161
0000057372
0000186945
0000002472
0000044777
0000288816
0000099912
0000007227
0000157459
0000291641
0000490038
0000005223
0000047244
0000404785
0000742483
0000149020
0000000479
0000106810
0000026376
0000409336
0000553865
0000041598
0000390364
0000015594
0000207519
0000412668
0000221256
0000132797
0000055025
0000188485
0000530819
0000056511
0000173449
0000373135
0000137808
0000159424
0000381317
0000206420
0000066285
0000381930
0000031802
0000159579
0000033480
0000375532
0000009325
0000012396
0000651242
0000117329
0000321061
0000034649
0000304952
0000104893
0000407668
0000127964
0000042701
0000892336
0000001285
0000134520
0000875655
0000045979
0000386185
0000383194
0000057847
0000053461
0000059912
0000118897
0000157267
0000459908
0000404500
0000002292
0000031391
0000034886
0000045497
0000449141
0000056864
0000111623
0000130600
0000662159
0000694640
0000033333
0000170632
0000054699
0000068400
0000122714
0000334608
0000012209
0000363500
0000080823
0000352784
0000687765
0000109761
0000088095
0000050532
0000004747
0000127796
0000716017
0000038809
0000264374
0000001887
0000420764
0000492516
0000068166
0000011939
0000027989
0000065663
0000525422
0000113756
0000235152
0000012259
0000144386
0000133837
0000067832
0000200129
0000026128
0000092651
0000016416
0000200670
0000003746
0000616330
0000065559
0000499121
0000032040
0000228676
0000587422
0000001942
0000138606
0000057055
0000408185
0000684219
0000045458
0000187919
0000054126
0000708898
0000527775
0000494084
0000049301
0000385641
0000141482
0000932208
0000026674
0000126386
0000234722
0000020676
0000063428
0000374289
0000093187
0000033340
0000401144
0000015525
0000003191
0000117276
0000077783
0000068470
0000005161
0000056473
0000461877
0000111344
0000168105
0000420766
0000425263
0000096062
0000003145
0000374787
0000080230
0000015940
0000144423
0000199221
0000047523
0000385437
0000106055
0000042431
0000001416
0000187263
0000017617
0000007547
0000092155
0000242306
0000053772
0000021836
0000032605
0000024425
0000012707
0000025961
0000115056
0000595264
0000050342
0000225066
0000586230
0000474028
0000041342
0000860814
0000219550
0000028548
0000490160
0000230557
0000292505
0000370591
0000203575
0000709246
0000154991
0000067513
0000005572
0000043226
0000170122
0000031037
0000063890
0000045673
0000183985
0000296999
0000328484
0000059307
0000131507
0000098729
0000097765
0000390125
0000218977
0000085703
0000124144
0000130730
0000162939
0000165767
0000078095
0000121168
0000302817
0000358163
0000234617
0000072889
0000408740
0000345177
0000048441
0000002908
0000372899
0000080747
0000004966
0000067663
0000134822
0000712064
0000977492
0000038114
0000051154
0000079827
0000056031
0000481059
0000008813
0000070275
0000066751
0000025269
0000514292
0000116662
0000213461
0000564052
0000733835
0000008567
0000105975
0000733202
0000054479
0000105443
0000130594
0000039181
0000151584
0000071220
0000121937
0000092480
0000066997
0000781940
0000305708
0000447664
0000203497
0000062756
0000045140
0000047820
0000657160
0000284737
0000003431
0000287038
0000533455
0000092648
0000569678
0000088325
0000137664
0000020130
0000006396
0000003553
0000054519
0000129811
0000033438
0000173703
0000124188
0000090155
0000009581
0000199697
0000076752
0000021559
0000105752
0000149283
0000132011
0000176791
0000500799
0000036889
0000759621
0000013947
0000003265
0000408585
0000421922
0000406694
0000132773
0000771767
0000033107
0000010728
0000042676
0000237714
0000080451
0000113913
0000051182
0000911620
0000704759
0000012869
0000151416
0000009330
0000057296
0000102377
0000774141
0000503804
0000391157
0000030801
0000374910
0000059764
0000146239
0000344988
0000143545
0000170428
0000080708
0000080511
0000476259
0000051462
0000163584
0000319917
0000815833
0000132527
0000029548
0000367963
0000061254
0000052950
0000049230
0000214925
0000289560
0000135608
0000299960
0000136383
0000063789
0000048791
0000132019
0000125078
0000151326
0000483397
0000002530
0000095675
0000146925
0000049387
0000045872
0000128854
0000327976
0000771343
0000214650
0000066156
0000733862
0000119248
0000153405
0000035725
0000121606
0000032108
0000247173
0000050531
0000092845
0000375789
0000315057
0000158240
0000291108
0000396345
0000067516
0000259039
0000058078
0000048164
0000147680
0000109742
0000102832
0000067092
0000140680
0000036693
0000055889
0000857893
0000187904
0000103624
0000051382
0000003421
0000142782
0000160194
0000682913
0000043280
0000002263
0000057553
0000076251
0000003862
0000031521
0000165153
0000214083
0000853495
0000225355
0000404953
0000050997
0000150045
0000654720
0000204155
0000223851
0000176770
0000004324
0000266624
0000508338
0000004080
0000073036
0000445125
0000382085
0000089765
0000083446
0000192656
0000007559
0000017228
0000067459
0000246226
0000279920
0000069876
0000041790
0000135355
0000809211
0000004900
0000593583
0000850093
0000013759